{
    "Name": "GeneratedTerrain",
    "TerrainMeshResourceId": "178f0117-706a-40b4-9742-3a698be7c357",
    "TerrainMaterialId": "daa3b514-59ff-4854-a9ea-6c66ec4174c6",
    "ResolutionX": 400.0,
    "ResolutionZ": 400.0,
    "GridSizeX": 200.0,
    "GridSizeZ": 200.0,
    "Amplitude": 0.4000000059604645,
    "Lacunarity": 4.0,
    "Persistence": 0.12300000339746475,
    "MaxHeight": 50.0
}