{
    "Name": "GenTerrain",
    "TerrainMeshResourceId": "18178ed3-d17a-4c93-99ec-9f73c0bd65e0",
    "TerrainMaterialId": "41d067a5-0526-4cfa-a484-b09af83223ca",
    "ResolutionX": 200.0,
    "ResolutionZ": 200.0,
    "GridSizeX": 400.0,
    "GridSizeZ": 400.0,
    "Seed": -1,
    "Octaves": 4,
    "Frequency": 1.0,
    "Amplitude": 0.04500000178813934,
    "Lacunarity": 0.20000000298023225,
    "Persistence": 5.0,
    "MaxHeight": 30.0
}