{
    "Name": "TerrainWithMaterial",
    "TerrainMeshResourceId": "f876e24f-18f2-4bc8-ad9a-056f101270ec",
    "TerrainMaterialId": "ac97150b-dd8f-4526-ae78-802571470adf",
    "ResolutionX": 200.0,
    "ResolutionZ": 200.0,
    "GridSizeX": 200.0,
    "GridSizeZ": 200.0,
    "Seed": -1,
    "Octaves": 4,
    "Frequency": 0.02500000037252903,
    "Lacunarity": 0.0,
    "Persistence": 0.9800000190734863,
    "MaxHeight": 65.0
}